N = 1
τ = 1.6000000
max Δ = 0.0169377
Приближенные значения:
1.00000  0.74593  

N = 2
τ = 0.8000000
max Δ = 0.1954682
Приближенные значения:
1.00000  1.85188  -1.08014 

N = 4
τ = 0.4000000
max Δ = 0.0536928
Приближенные значения:
1.00000  1.48123  1.88919  1.26322  0.45783  

N = 8
τ = 0.2000000
max Δ = 0.0321488
Приближенные значения:
1.00000  1.22098  1.48197  1.74718  1.89132  1.72672  1.26767  0.78544  0.44731  

N = 16
τ = 0.1000000
max Δ = 0.0169532
Приближенные значения:
1.00000  1.10515  1.22100  1.34735  1.48203  1.61923  1.74728  1.84675  1.89138  1.85529  1.72664  1.51898  1.26783  1.01353  0.78514  0.59573  0.44643  

N = 32
τ = 0.0500000
max Δ = 0.0085969
Приближенные значения:
1.00000  1.05127  1.10515  1.16172  1.22100  1.28294  1.34735  1.41390  1.48203  1.55088  1.61923  1.68543  1.74729  1.80212  1.84676  1.87769  1.89138  1.88467  1.85528  1.80233  1.72664  1.63081  1.51898  1.39620  1.26783  1.13888  1.01352  0.89491  0.78511  0.68525  0.59569  0.51625  0.44638  

N = 64
τ = 0.0250000
max Δ = 0.0043125
Приближенные значения:
1.00000  1.02532  1.05127  1.07788  1.10515  1.13310  1.16172  1.19102  1.22100  1.25165  1.28294  1.31485  1.34735  1.38039  1.41390  1.44782  1.48203  1.51643  1.55088  1.58521  1.61923  1.65272  1.68543  1.71705  1.74729  1.77577  1.80212  1.82593  1.84676  1.86416  1.87769  1.88690  1.89138  1.89074  1.88467  1.87290  1.85528  1.83174  1.80233  1.76720  1.72664  1.68101  1.63081  1.57659  1.51898  1.45862  1.39620  1.33238  1.26783  1.20314  1.13888  1.07553  1.01352  0.95322  0.89491  0.83881  0.78511  0.73389  0.68524  0.63918  0.59568  0.55473  0.51624  0.48016  0.44638  

N = 128
τ = 0.0125000
max Δ = 0.0021576
Приближенные значения:
1.00000  1.01258  1.02532  1.03821  1.05127  1.06449  1.07788  1.09143  1.10515  1.11904  1.13310  1.14732  1.16172  1.17629  1.19102  1.20593  1.22100  1.23624  1.25165  1.26721  1.28294  1.29882  1.31485  1.33103  1.34735  1.36381  1.38039  1.39709  1.41390  1.43082  1.44782  1.46489  1.48203  1.49922  1.51643  1.53366  1.55088  1.56807  1.58521  1.60228  1.61923  1.63606  1.65272  1.66919  1.68543  1.70139  1.71705  1.73237  1.74729  1.76177  1.77577  1.78924  1.80212  1.81437  1.82593  1.83674  1.84676  1.85591  1.86416  1.87144  1.87769  1.88286  1.88690  1.88976  1.89138  1.89172  1.89074  1.88840  1.88467  1.87951  1.87290  1.86483  1.85528  1.84425  1.83174  1.81776  1.80233  1.78546  1.76720  1.74758  1.72664  1.70443  1.68101  1.65645  1.63081  1.60417  1.57659  1.54817  1.51898  1.48910  1.45862  1.42762  1.39620  1.36442  1.33238  1.30016  1.26783  1.23547  1.20314  1.17092  1.13888  1.10706  1.07553  1.04433  1.01352  0.98314  0.95322  0.92380  0.89491  0.86657  0.83881  0.81165  0.78511  0.75918  0.73389  0.70925  0.68524  0.66189  0.63918  0.61711  0.59568  0.57489  0.55473  0.53518  0.51624  0.49791  0.48016  0.46299  0.44638  

N = 256
τ = 0.0062500
max Δ = 0.0010788
Приближенные значения:
1.00000  1.00627  1.01258  1.01893  1.02532  1.03174  1.03821  1.04472  1.05127  1.05786  1.06449  1.07116  1.07788  1.08463  1.09143  1.09827  1.10515  1.11207  1.11904  1.12605  1.13310  1.14019  1.14732  1.15450  1.16172  1.16898  1.17629  1.18363  1.19102  1.19845  1.20593  1.21344  1.22100  1.22860  1.23624  1.24392  1.25165  1.25941  1.26721  1.27505  1.28294  1.29086  1.29882  1.30682  1.31485  1.32292  1.33103  1.33917  1.34735  1.35556  1.36381  1.37208  1.38039  1.38873  1.39709  1.40548  1.41390  1.42235  1.43082  1.43931  1.44782  1.45635  1.46489  1.47346  1.48203  1.49062  1.49922  1.50782  1.51643  1.52505  1.53366  1.54227  1.55088  1.55948  1.56807  1.57665  1.58521  1.59376  1.60228  1.61077  1.61923  1.62767  1.63606  1.64441  1.65272  1.66098  1.66919  1.67734  1.68543  1.69345  1.70139  1.70926  1.71705  1.72476  1.73237  1.73988  1.74729  1.75459  1.76177  1.76883  1.77577  1.78257  1.78924  1.79576  1.80212  1.80833  1.81437  1.82024  1.82593  1.83143  1.83674  1.84185  1.84676  1.85145  1.85591  1.86016  1.86416  1.86792  1.87144  1.87469  1.87769  1.88041  1.88286  1.88503  1.88690  1.88848  1.88976  1.89073  1.89138  1.89171  1.89172  1.89140  1.89074  1.88975  1.88840  1.88671  1.88467  1.88227  1.87951  1.87639  1.87290  1.86905  1.86483  1.86024  1.85528  1.84995  1.84425  1.83818  1.83174  1.82493  1.81776  1.81023  1.80233  1.79407  1.78546  1.77651  1.76720  1.75756  1.74758  1.73727  1.72664  1.71569  1.70443  1.69287  1.68101  1.66887  1.65645  1.64376  1.63081  1.61761  1.60417  1.59049  1.57659  1.56248  1.54817  1.53366  1.51898  1.50412  1.48910  1.47393  1.45862  1.44318  1.42762  1.41196  1.39620  1.38035  1.36442  1.34843  1.33238  1.31629  1.30016  1.28400  1.26783  1.25165  1.23547  1.21929  1.20314  1.18702  1.17092  1.15487  1.13888  1.12293  1.10706  1.09125  1.07553  1.05988  1.04433  1.02888  1.01352  0.99827  0.98314  0.96812  0.95322  0.93844  0.92380  0.90928  0.89491  0.88067  0.86657  0.85262  0.83881  0.82516  0.81165  0.79830  0.78511  0.77207  0.75918  0.74646  0.73389  0.72149  0.70925  0.69716  0.68524  0.67348  0.66189  0.65045  0.63918  0.62806  0.61711  0.60632  0.59568  0.58521  0.57489  0.56473  0.55473  0.54488  0.53518  0.52564  0.51624  0.50700  0.49791  0.48896  0.48016  0.47150  0.46299  0.45461  0.44638  

N = 512
τ = 0.0031250
max Δ = 0.0005394
Приближенные значения:
1.00000  1.00313  1.00627  1.00942  1.01258  1.01575  1.01893  1.02212  1.02532  1.02852  1.03174  1.03497  1.03821  1.04146  1.04472  1.04799  1.05127  1.05456  1.05786  1.06117  1.06449  1.06782  1.07116  1.07452  1.07788  1.08125  1.08463  1.08803  1.09143  1.09484  1.09827  1.10170  1.10515  1.10861  1.11207  1.11555  1.11904  1.12254  1.12605  1.12957  1.13310  1.13664  1.14019  1.14375  1.14732  1.15091  1.15450  1.15810  1.16172  1.16535  1.16898  1.17263  1.17629  1.17995  1.18363  1.18732  1.19102  1.19473  1.19845  1.20219  1.20593  1.20968  1.21344  1.21722  1.22100  1.22480  1.22860  1.23242  1.23624  1.24008  1.24392  1.24778  1.25165  1.25552  1.25941  1.26330  1.26721  1.27113  1.27505  1.27899  1.28294  1.28689  1.29086  1.29483  1.29882  1.30281  1.30682  1.31083  1.31485  1.31888  1.32292  1.32697  1.33103  1.33510  1.33917  1.34326  1.34735  1.35145  1.35556  1.35968  1.36381  1.36794  1.37208  1.37623  1.38039  1.38455  1.38873  1.39291  1.39709  1.40128  1.40548  1.40969  1.41390  1.41812  1.42235  1.42658  1.43082  1.43506  1.43931  1.44356  1.44782  1.45208  1.45635  1.46062  1.46489  1.46917  1.47346  1.47774  1.48203  1.48632  1.49062  1.49492  1.49922  1.50352  1.50782  1.51213  1.51643  1.52074  1.52505  1.52935  1.53366  1.53797  1.54227  1.54658  1.55088  1.55518  1.55948  1.56378  1.56807  1.57236  1.57665  1.58093  1.58521  1.58949  1.59376  1.59802  1.60228  1.60653  1.61077  1.61501  1.61923  1.62345  1.62767  1.63187  1.63606  1.64024  1.64441  1.64858  1.65272  1.65686  1.66098  1.66509  1.66919  1.67327  1.67734  1.68139  1.68543  1.68944  1.69345  1.69743  1.70139  1.70534  1.70926  1.71317  1.71705  1.72092  1.72476  1.72857  1.73237  1.73613  1.73988  1.74360  1.74729  1.75095  1.75459  1.75819  1.76177  1.76532  1.76883  1.77232  1.77577  1.77919  1.78257  1.78592  1.78924  1.79252  1.79576  1.79896  1.80212  1.80525  1.80833  1.81137  1.81437  1.81733  1.82024  1.82311  1.82593  1.82870  1.83143  1.83411  1.83674  1.83932  1.84185  1.84433  1.84676  1.84913  1.85145  1.85371  1.85591  1.85806  1.86016  1.86219  1.86416  1.86607  1.86792  1.86971  1.87144  1.87310  1.87469  1.87623  1.87769  1.87909  1.88041  1.88167  1.88286  1.88398  1.88503  1.88600  1.88690  1.88773  1.88848  1.88916  1.88976  1.89028  1.89073  1.89109  1.89138  1.89159  1.89171  1.89176  1.89172  1.89160  1.89140  1.89111  1.89074  1.89029  1.88975  1.88912  1.88840  1.88760  1.88671  1.88573  1.88467  1.88351  1.88227  1.88093  1.87951  1.87799  1.87639  1.87469  1.87290  1.87102  1.86905  1.86699  1.86483  1.86258  1.86024  1.85781  1.85528  1.85266  1.84995  1.84715  1.84425  1.84126  1.83818  1.83501  1.83174  1.82838  1.82493  1.82139  1.81776  1.81404  1.81023  1.80632  1.80233  1.79825  1.79407  1.78981  1.78546  1.78103  1.77651  1.77190  1.76720  1.76242  1.75756  1.75261  1.74758  1.74246  1.73727  1.73199  1.72664  1.72120  1.71569  1.71010  1.70443  1.69869  1.69287  1.68698  1.68101  1.67498  1.66887  1.66270  1.65645  1.65014  1.64376  1.63732  1.63081  1.62424  1.61761  1.61092  1.60417  1.59736  1.59049  1.58357  1.57659  1.56956  1.56248  1.55535  1.54817  1.54094  1.53366  1.52634  1.51898  1.51157  1.50412  1.49663  1.48910  1.48153  1.47393  1.46629  1.45862  1.45091  1.44318  1.43541  1.42762  1.41980  1.41196  1.40409  1.39620  1.38828  1.38035  1.37239  1.36442  1.35643  1.34843  1.34041  1.33238  1.32434  1.31629  1.30823  1.30016  1.29208  1.28400  1.27592  1.26783  1.25974  1.25165  1.24356  1.23547  1.22738  1.21929  1.21122  1.20314  1.19507  1.18702  1.17896  1.17092  1.16289  1.15487  1.14687  1.13888  1.13090  1.12293  1.11499  1.10706  1.09915  1.09125  1.08338  1.07553  1.06769  1.05988  1.05210  1.04433  1.03659  1.02888  1.02119  1.01352  1.00588  0.99827  0.99069  0.98314  0.97561  0.96812  0.96065  0.95322  0.94582  0.93844  0.93110  0.92380  0.91652  0.90928  0.90208  0.89491  0.88777  0.88067  0.87360  0.86657  0.85958  0.85262  0.84570  0.83881  0.83197  0.82516  0.81839  0.81165  0.80496  0.79830  0.79169  0.78511  0.77857  0.77207  0.76561  0.75918  0.75280  0.74646  0.74016  0.73389  0.72767  0.72149  0.71535  0.70925  0.70318  0.69716  0.69118  0.68524  0.67934  0.67348  0.66766  0.66189  0.65615  0.65045  0.64479  0.63918  0.63360  0.62806  0.62257  0.61711  0.61169  0.60632  0.60098  0.59568  0.59043  0.58521  0.58003  0.57489  0.56979  0.56473  0.55971  0.55473  0.54978  0.54488  0.54001  0.53518  0.53039  0.52564  0.52092  0.51624  0.51160  0.50700  0.50244  0.49791  0.49342  0.48896  0.48454  0.48016  0.47581  0.47150  0.46723  0.46299  0.45878  0.45461  0.45048  0.44638  

